114,32,127,119,120,120,0,0,
113,32,129,119,119,120,0,0,
114,32,128,119,120,120,0,0,
114,32,128,119,120,120,0,0,
113,32,128,119,120,120,0,0,
113,32,128,119,119,120,0,0,
113,32,128,119,120,120,0,0,
114,32,128,119,119,120,0,0,
113,32,129,119,120,120,0,0,
113,32,128,119,120,120,0,0,
113,32,128,119,120,120,0,0,
113,32,128,119,120,120,0,0,
113,32,128,119,120,120,0,0,
114,32,128,119,120,120,0,0,
113,32,128,119,120,120,0,0,
113,31,129,119,119,120,0,0,
113,32,129,119,120,120,0,0,
113,32,128,119,119,120,0,0,
113,32,128,119,120,120,0,0,
114,32,128,119,120,120,0,0,
113,32,128,119,120,120,0,0,
114,32,128,119,120,120,0,0,
114,32,128,119,119,120,0,0,
114,32,128,119,119,120,0,0,
113,32,128,119,119,120,0,0,
114,32,129,119,120,120,0,0,
113,32,129,119,120,120,0,0,
113,32,128,119,119,120,0,0,
113,32,128,119,120,120,0,0,
113,32,128,119,120,120,0,0,
114,32,128,119,120,120,0,0,
114,32,129,119,120,120,0,0,
113,32,129,119,119,120,0,0,
113,32,128,119,120,120,0,0,
114,32,128,119,120,120,0,0,
113,32,129,119,120,120,0,0,
113,32,129,119,120,120,0,0,
113,32,128,119,119,120,0,0,
113,32,128,119,120,120,0,0,
113,32,128,119,120,120,0,0,
113,32,129,119,120,120,0,0,
113,32,128,119,120,120,0,0,
113,32,128,119,120,120,0,0,
113,32,128,119,120,120,0,0,
113,32,129,119,120,120,0,0,
114,32,128,119,120,120,0,0,
113,32,128,119,120,120,0,0,
113,32,128,119,120,120,0,0,
113,32,129,119,120,120,0,0,
113,32,128,119,119,120,0,0,
114,32,127,119,120,120,0,0,
113,32,128,119,120,120,0,0,
114,32,129,119,120,120,0,0,
114,32,128,119,120,120,0,0,
113,32,128,119,119,120,0,0,
114,32,128,119,120,120,0,0,
113,32,128,119,120,120,0,0,
114,32,128,119,120,120,0,0,
114,32,128,119,119,120,0,0,
113,32,129,119,120,120,0,0,
113,32,128,119,119,120,0,0,
113,32,128,119,120,120,0,0,
113,32,128,119,120,120,0,0,
113,32,128,119,120,120,0,0,
113,32,128,119,120,120,0,0,
114,32,128,119,119,120,0,0,
114,32,128,119,120,120,0,0,
114,32,128,119,120,120,0,0,
113,31,128,119,119,120,0,0,
113,32,129,119,119,120,0,0,
113,32,128,119,120,120,0,0,
113,31,128,119,120,120,0,0,
114,32,128,119,120,120,0,0,
113,32,128,119,120,120,0,0,
114,32,128,119,120,120,0,0,
113,32,128,119,120,120,0,0,
114,32,129,119,120,120,0,0,
113,32,128,119,120,120,0,0,
113,32,128,119,120,120,0,0,
113,32,129,119,120,120,0,0,
113,32,128,119,120,120,0,0,
113,31,129,119,119,120,0,0,
113,32,128,119,120,120,0,0,
113,32,128,119,120,120,0,0,
113,32,129,119,120,120,0,0,
114,32,128,119,120,120,0,0,
114,32,128,119,120,120,0,0,
114,32,128,119,120,120,0,0,
113,32,128,119,120,120,0,0,
113,32,129,119,119,120,0,0,
113,32,128,119,120,120,0,0,
113,32,129,119,120,120,0,0,
113,32,128,119,120,120,0,0,
114,32,128,119,120,120,0,0,
113,32,128,119,120,120,0,0,
113,32,128,119,120,120,0,0,
113,32,128,119,119,120,0,0,
114,32,129,119,119,120,0,0,
113,32,129,119,119,120,0,0,
113,32,128,119,120,120,0,0,
114,32,128,119,120,120,0,0,
113,32,128,119,120,120,0,0,
114,32,128,119,120,120,0,0,
113,32,128,119,120,120,0,0,
114,32,128,119,120,120,0,0,
114,32,128,119,120,120,0,0,
114,32,128,119,120,120,0,0,
114,32,129,119,120,120,0,0,
113,32,128,119,119,120,0,0,
113,32,128,119,119,120,0,0,
113,32,128,119,120,120,0,0,
113,32,128,119,120,120,0,0,
113,32,128,119,120,120,0,0,
113,32,128,119,120,120,0,0,
114,32,129,119,120,120,0,0,
114,32,128,119,120,120,0,0,
114,32,129,119,120,120,0,0,
113,32,128,119,120,120,0,0,
113,32,128,119,119,120,0,0,
114,32,128,119,120,120,0,0,
113,32,128,119,120,120,0,0,
114,32,129,119,120,120,0,0,
114,32,128,119,120,120,0,0,
114,32,128,119,120,120,0,0,
114,32,128,119,119,120,0,0,
113,32,129,119,120,120,0,0,
113,32,129,119,120,120,0,0,
114,32,128,119,120,120,0,0,
114,32,128,119,120,120,0,0,
114,32,128,119,120,120,0,0,
114,32,128,119,120,120,0,0,
113,32,128,119,120,120,0,0,
114,32,128,119,120,120,0,0,
113,32,129,119,120,120,0,0,
114,32,129,119,120,120,0,0,
114,32,129,119,120,120,0,0,
113,32,129,119,120,120,0,0,
113,32,128,119,120,120,0,0,
113,32,128,119,120,120,0,0,
114,32,129,119,119,120,0,0,
113,32,129,119,120,120,0,0,
114,32,128,119,120,120,0,0,
113,32,129,119,120,120,0,0,
114,32,128,119,120,120,0,0,
114,32,128,119,120,120,0,0,
114,32,128,119,120,120,0,0,
114,32,128,119,120,120,0,0,
114,31,129,119,120,120,0,0,
113,32,129,119,120,120,0,0,
113,32,128,119,120,120,0,0,
113,31,129,119,119,120,0,0,
113,32,128,119,120,120,0,0,
113,32,128,119,120,120,0,0,
114,32,129,119,119,120,0,0,
114,32,129,119,120,120,0,0,
114,32,128,119,120,120,0,0,
114,32,129,119,119,120,0,0,
113,32,129,119,120,120,0,0,
113,32,129,119,120,120,0,0,
113,32,128,119,120,120,0,0,
114,32,128,119,120,120,0,0,
113,32,128,119,120,120,0,0,
114,32,128,119,120,120,0,0,
113,32,128,119,119,120,0,0,
113,31,128,119,119,120,0,0,
113,32,128,119,120,120,0,0,
113,32,128,119,119,120,0,0,
114,32,128,119,120,120,0,0,
114,32,128,119,120,120,0,0,
114,32,128,119,120,120,0,0,
113,32,129,119,119,120,0,0,
114,32,128,119,120,120,0,0,
113,32,128,119,120,120,0,0,
113,32,128,119,119,120,0,0,
113,31,128,119,119,120,0,0,
114,32,128,119,120,120,0,0,
113,32,128,119,120,120,0,0,
113,32,129,119,120,120,0,0,
113,32,128,119,120,120,0,0,
113,32,129,119,120,120,0,0,
113,32,128,119,120,120,0,0,
113,32,129,119,120,120,0,0,
113,32,128,119,120,120,0,0,
113,32,128,119,120,120,0,0,
113,32,129,119,120,120,0,0,
113,32,128,119,120,120,0,0,
114,32,128,119,119,120,0,0,
113,32,128,119,119,120,0,0,
114,32,129,119,120,120,0,0,
114,32,128,119,120,120,0,0,
113,32,128,119,120,120,0,0,
113,32,129,119,120,120,0,0,
114,32,128,119,120,120,0,0,
113,31,129,119,120,120,0,0,
113,32,129,119,119,120,0,0,
113,32,128,119,120,120,0,0,
113,32,129,119,120,120,0,0,
114,32,128,119,120,120,0,0,
113,32,128,119,119,120,0,0,
114,32,128,119,119,120,0,0,
114,32,128,119,120,120,0,0,
113,32,128,119,120,120,0,0,
114,32,129,119,120,120,0,0,
114,32,129,119,120,120,0,0,
114,32,128,119,120,120,0,0,
113,32,129,119,120,120,0,0,
114,32,128,119,120,120,0,0,
113,32,129,119,119,120,0,0,
114,32,128,119,120,120,0,0,
114,32,128,119,119,120,0,0,
114,32,128,119,120,120,0,0,
114,32,128,119,120,120,0,0,
113,32,128,119,120,120,0,0,
114,32,128,119,120,120,0,0,
113,32,128,119,120,120,0,0,
113,32,128,119,119,120,0,0,
113,32,129,119,119,120,0,0,
114,32,128,119,120,120,0,0,
114,32,128,119,119,120,0,0,
114,32,129,119,119,120,0,0,
114,32,128,119,120,120,0,0,
114,32,128,119,120,120,0,0,
113,32,128,119,119,120,0,0,
113,32,128,119,119,120,0,0,
113,32,128,119,120,120,0,0,
113,32,128,119,120,120,0,0,
113,32,129,119,120,120,0,0,
114,32,128,119,120,120,0,0,
114,32,128,119,120,120,0,0,
114,32,128,119,120,120,0,0,
114,32,128,119,120,120,0,0,
114,32,129,119,120,120,0,0,
113,32,129,119,120,120,0,0,
113,32,128,119,120,120,0,0,
114,32,128,119,120,120,0,0,
113,32,129,119,120,120,0,0,
113,32,128,119,120,120,0,0,
114,32,128,119,120,120,0,0,
113,31,128,119,120,120,0,0,
113,32,128,119,120,120,0,0,
113,32,128,119,120,120,0,0,
113,32,128,119,120,120,0,0,
113,32,128,119,120,120,0,0,
113,32,128,119,119,120,0,0,
113,32,128,119,119,120,0,0,
113,32,128,119,120,120,0,0,
113,32,128,119,120,120,0,0,
113,32,128,119,120,120,0,0,
113,32,128,119,119,120,0,0,
113,32,129,119,119,120,0,0,
114,32,128,119,120,120,0,0,
114,32,129,119,120,120,0,0,
113,32,128,119,120,120,0,0,
113,32,128,119,120,120,0,0,
113,32,128,119,119,120,0,0,
114,32,128,119,120,120,0,0,
114,32,128,119,120,120,0,0,
114,32,128,119,120,120,0,0,
113,32,129,119,120,120,0,0,
114,32,128,119,120,120,0,0,
113,32,129,119,120,120,0,0,
113,32,129,119,120,120,0,0,
113,32,129,119,120,120,0,0,
114,32,129,119,120,120,0,0,
113,32,128,119,120,120,0,0,
114,32,129,119,119,120,0,0,
114,32,129,119,120,120,0,0,
113,32,129,119,119,120,0,0,
113,32,129,119,120,120,0,0,
114,32,128,119,120,120,0,0,
113,32,128,119,119,120,0,0,
113,32,128,119,120,120,0,0,
114,32,128,119,119,120,0,0,
114,32,128,119,120,120,0,0,
114,32,128,119,120,120,0,0,
113,32,128,119,120,120,0,0,
113,32,128,119,120,120,0,0,
113,32,128,119,120,120,0,0,
114,32,128,119,120,120,0,0,
113,32,128,119,120,120,0,0,
113,32,128,119,120,120,0,0,
113,32,128,119,119,120,0,0,
113,32,128,119,120,120,0,0,
114,32,128,119,120,120,0,0,
114,32,128,119,120,120,0,0,
113,32,129,119,120,120,0,0,
114,32,128,119,120,120,0,0,
113,32,128,119,119,120,0,0,
113,32,129,119,120,120,0,0,
113,32,128,119,120,120,0,0,
113,32,128,119,120,120,0,0,
113,32,128,119,120,120,0,0,
114,32,128,119,120,120,0,0,
114,32,128,119,119,120,0,0,
114,32,128,119,120,120,0,0,
113,32,129,119,119,120,0,0,
114,32,129,119,120,120,0,0,
113,32,129,119,120,120,0,0,
113,32,128,119,119,120,0,0,
113,32,128,119,119,120,0,0,
114,32,128,119,120,120,0,0,
114,32,128,119,120,120,0,0,
113,31,129,119,120,120,0,0,
113,32,128,119,120,120,0,0,
114,32,129,119,119,120,0,0,
113,32,128,119,120,120,0,0,
114,32,128,119,120,120,0,0,
113,32,128,119,120,120,0,0,
113,32,129,119,120,120,0,0,
113,32,128,119,119,120,0,0,
113,32,128,119,120,120,0,0,
114,32,129,119,120,120,0,0,
113,32,128,119,120,120,0,0,
113,32,129,119,120,120,0,0,
113,32,128,119,120,120,0,0,
114,32,128,119,120,120,0,0,
113,32,128,119,120,120,0,0,
113,32,128,119,120,120,0,0,
113,32,128,119,120,120,0,0,
113,32,128,119,120,120,0,0,
113,32,128,119,120,120,0,0,
114,32,128,119,120,120,0,0,
113,32,128,119,120,120,0,0,
114,32,128,119,120,120,0,0,
114,32,129,119,119,120,0,0,
113,32,128,119,119,120,0,0,
114,32,128,119,120,120,0,0,
113,32,129,119,120,120,0,0,
113,32,129,119,120,120,0,0,
113,32,128,119,120,120,0,0,
113,32,128,119,120,120,0,0,
113,32,128,119,120,120,0,0,
113,32,128,119,120,120,0,0,
114,32,129,119,120,120,0,0,
113,32,128,119,120,120,0,0,
113,32,129,119,120,120,0,0,
114,32,129,119,120,120,0,0,
113,32,129,119,120,120,0,0,
113,32,128,119,120,120,0,0,
113,32,128,119,120,120,0,0,
113,32,128,119,120,120,0,0,
113,32,128,119,120,120,0,0,
113,32,128,119,120,120,0,0,
113,32,128,119,120,120,0,0,
113,32,128,119,120,120,0,0,
114,32,128,119,120,120,0,0,
114,32,129,119,120,120,0,0,
114,32,128,119,120,120,0,0,
114,32,129,119,120,120,0,0,
113,32,128,119,120,120,0,0,
114,32,128,119,119,120,0,0,
113,32,128,119,119,120,0,0,
113,32,128,119,120,120,0,0,
113,32,128,119,120,120,0,0,
113,32,128,119,120,120,0,0,
113,32,128,119,120,120,0,0,
113,32,128,119,120,120,0,0,
114,32,129,119,120,120,0,0,
114,32,128,119,120,120,0,0,
113,32,128,119,120,120,0,0,
113,32,129,119,120,120,0,0,
113,32,128,119,120,120,0,0,
113,32,128,119,120,120,0,0,
114,32,128,119,120,120,0,0,
113,32,128,119,119,120,0,0,
113,32,129,119,120,120,0,0,
113,32,129,119,120,120,0,0,
113,32,129,119,120,120,0,0,
113,32,129,119,120,120,0,0,
113,32,128,119,120,120,0,0,
113,32,128,119,120,120,0,0,
113,32,128,119,120,120,0,0,
113,32,128,119,120,120,0,0,
113,32,128,119,120,120,0,0,
113,32,129,119,120,120,0,0,
113,32,128,119,120,120,0,0,
114,32,129,119,120,120,0,0,
113,32,129,119,120,120,0,0,
113,32,128,119,120,120,0,0,
113,32,128,119,119,120,0,0,
113,32,128,119,119,120,0,0,
113,32,128,119,120,120,0,0,
113,32,129,119,120,120,0,0,
113,32,128,119,120,120,0,0,
114,32,128,119,120,120,0,0,
113,32,128,119,120,120,0,0,
114,32,128,119,120,120,0,0,
113,32,129,119,120,120,0,0,
113,32,128,119,119,120,0,0,
113,32,128,119,120,120,0,0,
113,32,128,119,120,120,0,0,
113,32,129,119,120,120,0,0,
114,32,129,119,120,120,0,0,
114,32,129,119,120,120,0,0,
113,32,128,119,120,120,0,0,
114,32,128,119,120,120,0,0,
113,32,128,119,119,120,0,0,
114,32,128,119,120,120,0,0,
114,32,129,119,120,120,0,0,
114,32,129,119,120,120,0,0,
113,32,128,119,120,120,0,0,
113,32,128,119,120,120,0,0,
114,32,128,119,120,120,0,0,
113,32,128,119,120,120,0,0,
114,32,128,119,119,120,0,0,
114,32,128,119,120,120,0,0,
114,32,128,119,120,120,0,0,
114,32,128,119,120,120,0,0,
113,32,128,119,120,120,0,0,
113,32,128,119,120,120,0,0,
114,32,129,119,120,120,0,0,
113,31,129,119,120,120,0,0,
114,32,129,119,119,120,0,0,
114,32,128,119,120,120,0,0,
114,32,128,119,120,120,0,0,
113,32,128,119,120,120,0,0,
113,32,129,119,120,120,0,0,
113,32,128,119,120,120,0,0,
114,32,128,119,120,120,0,0,
113,32,128,119,120,120,0,0,
113,32,129,119,119,120,0,0,
114,32,128,119,120,120,0,0,
114,32,128,119,120,120,0,0,
113,32,128,119,120,120,0,0,
113,32,129,119,120,120,0,0,
113,32,128,119,120,120,0,0,
113,32,128,119,119,120,0,0,
114,32,128,119,120,120,0,0,
114,32,128,119,120,120,0,0,
113,32,129,119,120,120,0,0,
113,32,128,119,120,120,0,0,
114,32,128,119,119,120,0,0,
114,32,128,119,120,120,0,0,
113,32,128,119,120,120,0,0,
114,32,128,119,120,120,0,0,
113,32,128,119,120,120,0,0,
113,32,128,119,119,120,0,0,
113,32,129,119,120,120,0,0,
113,32,128,119,120,120,0,0,
113,32,128,119,120,120,0,0,
113,32,128,119,120,120,0,0,
113,32,129,119,119,120,0,0,
114,32,128,119,120,120,0,0,
114,32,128,119,120,120,0,0,
114,32,128,119,120,120,0,0,
113,32,129,119,120,120,0,0,
113,32,129,119,120,120,0,0,
113,32,129,119,120,120,0,0,
113,32,128,119,120,120,0,0,
114,32,128,119,120,120,0,0,
113,32,128,119,120,120,0,0,
113,32,128,119,120,120,0,0,
114,32,128,119,120,120,0,0,
114,32,128,119,120,120,0,0,
113,32,128,119,120,120,0,0,
113,32,129,119,120,120,0,0,
113,32,128,119,120,120,0,0,
113,32,128,119,119,120,0,0,
113,32,128,119,120,120,0,0,
113,32,128,119,120,120,0,0,
114,32,129,119,119,120,0,0,
113,32,129,119,120,120,0,0,
113,32,128,119,119,120,0,0,
114,32,129,119,120,120,0,0,
113,32,128,119,119,120,0,0,
113,32,129,119,119,120,0,0,
114,32,128,119,119,120,0,0,
113,32,128,119,120,120,0,0,
114,32,128,119,120,120,0,0,
113,32,128,119,119,120,0,0,
113,32,128,119,120,120,0,0,
113,32,129,119,120,120,0,0,
113,32,128,119,120,120,0,0,
114,32,128,119,120,120,0,0,
114,32,128,119,120,120,0,0,
114,32,128,119,120,120,0,0,
113,32,129,119,120,120,0,0,
113,32,128,119,120,120,0,0,
113,32,128,119,120,120,0,0,
114,32,128,119,120,120,0,0,
113,32,128,119,120,120,0,0,
113,32,128,119,120,120,0,0,
114,32,128,119,120,120,0,0,
113,32,129,119,120,120,0,0,
114,32,129,119,119,120,0,0,
114,32,128,119,120,120,0,0,
113,32,128,119,120,120,0,0,
114,32,128,119,120,120,0,0,
113,32,128,119,120,120,0,0,
114,32,128,119,120,120,0,0,
113,32,128,119,120,120,0,0,
113,32,128,119,120,120,0,0,
113,32,129,119,120,120,0,0,
113,32,128,119,120,120,0,0,
114,32,128,119,120,120,0,0,
114,31,128,119,119,120,0,0,
114,32,128,119,120,120,0,0,
113,32,128,119,120,120,0,0,
114,32,128,119,120,120,0,0,
113,32,128,119,120,120,0,0,
113,32,129,119,119,120,0,0,
113,32,129,119,120,120,0,0,
113,32,128,119,120,120,0,0,
113,32,128,119,120,120,0,0,
113,32,129,119,120,120,0,0,
113,32,128,119,120,120,0,0,
113,32,128,119,120,120,0,0,
113,32,128,119,120,120,0,0,
113,32,128,119,120,120,0,0,
113,32,129,119,120,120,0,0,
113,32,129,119,120,120,0,0,
113,32,128,119,119,120,0,0,
114,31,129,119,120,120,0,0,
114,32,129,119,120,120,0,0,
114,32,128,119,120,120,0,0,
114,32,128,119,120,120,0,0,
114,32,128,119,120,120,0,0,
114,32,128,119,120,120,0,0,
113,32,129,119,120,120,0,0,
113,32,128,119,120,120,0,0,
113,32,129,119,120,120,0,0,
113,32,128,119,120,120,0,0,
113,32,128,119,119,120,0,0,
113,32,128,119,120,120,0,0,
113,32,128,119,119,120,0,0,
113,32,128,119,120,120,0,0,
114,32,128,119,120,120,0,0,
114,32,128,119,120,120,0,0,
114,32,128,119,120,120,0,0,
114,32,128,119,120,120,0,0,
113,32,129,119,120,120,0,0,
113,32,128,119,120,120,0,0,
113,32,128,119,120,120,0,0,
113,32,128,119,120,120,0,0,
114,32,128,119,120,120,0,0,
114,32,128,119,120,120,0,0,
114,32,129,119,119,120,0,0,
114,32,129,119,120,120,0,0,
113,32,129,119,120,120,0,0,
114,32,129,119,120,120,0,0,
113,32,128,119,120,120,0,0,
113,32,128,119,120,120,0,0,
113,32,128,119,120,120,0,0,
113,32,128,119,120,120,0,0,
113,32,128,119,120,120,0,0,
114,32,128,119,120,120,0,0,
113,32,128,119,120,120,0,0,
114,32,129,119,120,120,0,0,
114,32,129,119,120,120,0,0,
114,32,128,119,120,120,0,0,
113,32,128,119,120,120,0,0,
114,32,128,119,120,120,0,0,
113,32,128,119,120,120,0,0,
113,32,129,119,119,120,0,0,
114,32,128,119,120,120,0,0,
114,32,128,119,120,120,0,0,
113,32,128,119,120,120,0,0,
114,32,128,119,120,120,0,0,
113,32,128,119,120,120,0,0,
114,32,128,119,120,120,0,0,
114,32,128,119,120,120,0,0,
114,32,129,119,120,120,0,0,
113,32,128,119,120,120,0,0,
113,32,129,119,120,120,0,0,
113,32,129,119,120,120,0,0,
114,32,128,119,119,120,0,0,
113,32,128,119,120,120,0,0,
113,32,128,119,120,120,0,0,
113,32,128,119,120,120,0,0,
114,32,128,119,120,120,0,0,
114,32,128,119,120,120,0,0,
114,32,128,119,120,120,0,0,
113,32,128,119,119,120,0,0,
113,32,128,119,119,120,0,0,
114,32,128,119,119,120,0,0,
113,32,128,119,120,120,0,0,
113,32,128,119,120,120,0,0,
113,32,129,119,120,120,0,0,
113,32,128,119,120,120,0,0,
113,32,128,119,120,120,0,0,
114,31,128,119,120,120,0,0,
114,32,128,119,120,120,0,0,
114,32,129,119,120,120,0,0,
113,32,128,119,120,120,0,0,
113,32,129,119,120,120,0,0,
114,32,128,119,120,120,0,0,
113,32,128,119,120,120,0,0,
113,32,128,119,120,120,0,0,
113,32,128,119,119,120,0,0,
113,32,128,119,120,120,0,0,
113,32,128,119,120,120,0,0,
114,32,129,119,120,120,0,0,
114,32,128,119,120,120,0,0,
113,32,128,119,120,120,0,0,
113,32,128,119,120,120,0,0,
114,32,128,119,120,120,0,0,
114,32,128,119,120,120,0,0,
114,32,129,119,120,120,0,0,
114,32,128,119,120,120,0,0